60.2 65.5 84.8 83.1 84.7 84.4 83.6 88.3 87.6 88.8
47.0 77.8 59.4 81.7 82.0 81.9 81.5 80.0 78.7 79.8
51.0 63.1 61.5 70.4 70.7 70.9 70.7 71.7 71.1 70.3
46.9 59.5 66.5 79.0 78.6 78.3 78.5 73.1 73.0 75.8
44.5 61.7 66.0 79.4 79.1 79.7 79.2 79.3 78.2 78.7
50.8 69.8 76.8 79.9 80.9 80.1 81.2 84.9 85.7 86.1
51.8 55.2 56.5 67.1 66.7 66.0 67.2 75.8 74.0 74.4
52.9 72.0 66.7 76.5 76.9 76.4 76.1 78.3 78.8 78.5
50.6 64.0 80.2 83.4 84.2 83.5 83.3 85.0 84.8 85.8
51.7 64.7 77.9 86.0 86.7 85.7 87.1 80.0 81.4 83.4
51.3 85.0 82.3 89.0 90.2 91.1 89.8 89.9 89.4 90.0
56.3 69.6 76.0 79.5 77.9 77.8 78.6 80.1 81.8 81.9
50.6 87.1 55.5 92.1 93.2 92.7 93.1 90.4 90.7 91.4
50.6 62.1 78.3 85.5 84.2 84.7 83.8 78.4 78.5 80.2
54.7 75.7 81.8 79.8 79.5 80.1 80.3 88.1 88.3 88.9 
49.2 59.0 81.4 79.9 80.7 80.1 80.5 78.7 78.1 79.4
47.7 58.5 74.7 76.1 78.2 77.0 77.3 76.0 73.6 77.7
55.9 73.6 79.3 83.9 84.0 83.8 83.3 82.1 81.4 81.6
51.5 70.4 69.7 76.5 75.8 76.8 75.6 76.5 76.8 77.9
55.4 63.3 73.9 74.4 76.2 76.2 74.3 79.0 78.8 80.0


